212.5712
257.2212
160.2573
324.5006
357.8238
274.4537
304.3635
215.0175
216.309
271.5998
240.5938
174.4448
155.4447
270.2306
224.3586
320.685
142.5285
194.6519
203.7668
307.2186
242.5749
299.3317
138.918
302.0191
329.4223
238.8878
313.6991
348.3805
335.4755
283.4733
120.9721
211.9187
321.0132
270.6122
346.3919
181.1539
146.997
135.4454
186.6337
272.942
194.3284
323.1099
180.3481
321.7048
296.6821
172.758
120.134
291.1939
350.3995
316.2026
351.4715
286.2065
264.5663
123.7275
125.9135
246.3645
160.8013
133.8377
281.6513
247.8331
326.7662
239.3283
282.8893
232.0935
314.8571
171.9411
125.2975
292.9322
262.0346
143.6409
154.1505
344.8981
331.0321
201.7809
140.4161
138.3181
168.675
280.7658
344.8366
303.0871
257.4346
234.2317
359.8344
306.0293
177.0652
255.4952
357.909
193.8286
217.1928
156.5591
350.5723
199.5794
240.4114
151.7701
131.3832
225.1903
259.2681
348.2729
271.7934
137.6064
209.192
196.6509
278.416
121.7633
154.6101
327.8055
171.768
340.7759
180.3463
218.9886
167.2149
266.6254
207.7617
145.7029
275.4143
352.3909
277.8515
358.1943
254.4354
211.8578
327.2845
256.6358
228.0112
307.9706
344.8413
323.8203
244.2994
332.1721
348.9465
133.6024
301.5681
183.4744
354.9599
187.5638
199.993
214.7552
124.8835
151.4801
235.8379
246.493
298.1239
324.135
131.4753
169.0575
218.8436
183.2774
214.735
176.0676
213.968
187.4446
191.6119
245.0284
197.4516
196.0945
350.2972
248.4551
134.5813
183.4763
236.5241
195.8408
191.9378
248.7707
154.0042
189.0197
145.4369
299.9451
169.0447
300.953
122.9484
338.3385
154.7631
273.2233
132.7403
342.6114
287.6218
334.6395
309.3641
222.1421
309.0778
297.9757
243.717
209.9156
345.2831
200.6522
287.852
296.0317
170.3106
249.3671
324.6511
277.0587
329.2287
237.4551
217.4461
297.3014
304.3082
147.8404
171.9082
145.7585
307.0258
150.3472
178.6335
170.3143
243.1055
122.5147
239.8169
266.7084
319.222
354.3876
195.6663
211.0231
204.6235
198.6107
145.1104
122.0934
155.4194
123.9569
288.4953
336.2938
207.4024
225.2871
246.8831
309.2505
294.7642
173.191
179.5819
265.6265
230.6672
132.797
144.3114
343.6527
206.89
198.8165
189.4939
165.5361
298.3796
209.0333
200.4639
203.1247
257.1341
139.5101
242.9582
242.8945
275.2846
266.243
209.744
278.3713
269.936
238.232
303.927
351.2649
250.3011
171.058
339.2687
249.1116
301.4996
206.3238
255.9824
243.7586
173.9005
273.8943
143.0351
331.0757
260.9367
356.4341
321.5526
159.9697
235.0844
331.1742
144.9229
156.0347
285.532
158.7291
341.6056
352.0718
291.1894
134.3206
211.5384
271.8571
148.0549
329.0434
205.5763
347.4448
159.966
334.7676
330.5876
262.3815
132.1481
292.5417
329.7161
153.236
151.2222
333.0615
281.4613
225.6688
178.1269
276.1345
261.5409
139.8372
185.4868
228.3158
167.3115
307.6041
349.2255
262.5243
318.2505
231.5112
228.6735
133.1963
292.1887
250.4773
181.4906
268.917
265.9032
166.7008
183.0805
233.3692
282.8108
287.4045
359.1422
339.2516
224.3178
356.8027
310.8424
128.9123
275.1885
230.2873
310.0734
300.9431
273.5815
187.8481
194.1893
273.5503
348.0773
253.0173
257.8377
341.576
142.1357
337.0604
252.4035
162.7385
356.3697
282.7749
318.132
252.9603
286.7739
222.6527
298.8141
164.5314
127.1921
312.3765
266.8783
159.0774
192.2938
192.9341
270.0018
233.2475
308.4585
238.5569
309.6849
252.1508
286.8302
159.8509
290.7746
150.5359
275.4061
323.4942
189.1712
284.5634
319.9858
317.261
240.7793
355.5047
252.6492
148.8869
204.7707
164.8415
226.2632
166.5965
183.3817
222.4809
339.8336
231.0021
257.6155
127.3864
259.2285
350.6911
250.9354
172.1862
163.352
224.9326
234.715
344.5083
354.5232
181.0308
162.37
324.1718
313.8184
254.8941
345.2855
165.1918
223.8723
260.4807
315.7326
352.4802
181.654
297.5076
326.0407
166.8312
253.8515
146.9962
253.4565
171.4374
141.8978
190.9572
357.2914
139.3775
325.1651
245.2728
157.251
200.3444
164.6998
150.2041
341.5011
260.4683
131.7282
230.219
214.7402
332.6464
338.8422
235.6276
340.1693
204.069
217.8953
260.6611
151.1269
263.5048
271.9833
161.627
281.9648
312.7704
256.4946
131.1549
227.0145
314.9781
127.6858
214.5053
239.3277
267.8782
205.8988
157.5264
289.0026
331.9959
187.3389
131.6936
125.2689
170.1865
174.6769
220.1086
146.1985
328.7664
143.7074
288.3168
169.2681
225.8456
197.8332
330.2112
228.6693
126.3723
153.1058
215.2245
122.6678
307.2007
325.2297
184.4919
215.2827
159.6091
189.7963
283.3686
198.4629
318.1372
231.0087
219.963
357.4291
267.8922
161.8942
161.3628
173.9771
126.7446
258.5121
279.5399
144.8845
252.8262
296.5962
180.418
175.2206
301.311
241.6399
290.1207
348.4016
136.6384
180.9452
315.8895
324.8041
303.2923
230.4208
193.4781
272.4597
310.4139
309.1379
343.5861
196.7323
249.1066
132.4679
185.8242
219.6785
155.9508
218.5895
162.236
234.7719
261.7792
324.9638
175.5233
292.2515
354.3092
252.9296
141.7914
276.9939
185.1233
151.5779
255.6105
298.6507
273.1538
330.9518
211.2535
206.1209
154.3872
297.6603
184.9259
244.4001
212.0708
313.8644
209.0653
135.5203
201.0446
286.4489
159.1879
124.5624
177.6356
223.5827
141.5017
198.7339
137.9668
148.7231
212.3259
243.1987
320.3255
203.6206
355.8407
165.4698
331.5337
317.6803
299.3648
263.7971
147.5714
235.7101
263.7457
348.3328
173.5546
320.586
316.8902
129.8332
177.3344
193.0487
170.4034
294.9649
156.8878
164.6944
168.3453
153.4925
337.4607
178.1334
149.8536
223.9247
334.7141
218.296
205.881
299.2253
123.4027
199.1273
227.0436
170.7738
162.031
241.0516
158.1717
345.5935
136.4802
162.9486
305.4361
242.4228
120.5752
267.3709
220.9141
168.1257
166.5117
300.3676
241.1058
295.8024
276.3294
314.6895
321.1203
258.8881
126.2111
205.1616
181.3595
217.9527
166.8405
171.8214
241.6161
287.1599
333.7769
120.3696
271.9371
275.8397
160.0943
202.3908
206.58
185.6276
190.5924
178.5308
172.3539
121.2626
152.1802
320.5313
202.1167
182.0793
211.8354
334.8316
229.6684
179.3036
267.711
173.4984
196.2082
271.4603
206.3913
230.135
251.8022
268.2703
217.1721
178.3727
222.9496
156.5047
249.7641
221.8109
337.5967
278.3481
242.3093
290.4012
